-ASCII--    61 Points
9.94E+01
1.04E+02
1.04E+02
1.01E+02
1.01E+02
1.02E+02
1.02E+02
1.01E+02
1.00E+02
9.95E+01
1.01E+02
9.93E+01
9.91E+01
9.91E+01
9.75E+01
9.83E+01
9.84E+01
9.59E+01
9.61E+01
9.51E+01
9.42E+01
9.43E+01
9.35E+01
9.15E+01
9.00E+01
8.91E+01
8.84E+01
8.81E+01
8.55E+01
7.72E+01
6.77E+01
5.35E+01
3.01E+01
-5.56E+00
-5.29E+01
-8.49E+01
-7.04E+01
-7.20E+01
-7.40E+01
-7.86E+01
-8.44E+01
-8.45E+01
-8.58E+01
-8.60E+01
-8.64E+01
-8.84E+01
-9.00E+01
-9.09E+01
-9.14E+01
-9.21E+01
-9.28E+01
-9.41E+01
-9.54E+01
-9.67E+01
-9.71E+01
-9.87E+01
-9.91E+01
-1.01E+02
-1.01E+02
-1.02E+02
-1.04E+02
