-ASCII--    61 Points
6.34E-09
6.58E-09
6.69E-09
6.93E-09
7.16E-09
7.39E-09
7.63E-09
7.63E-09
7.92E-09
8.03E-09
8.27E-09
8.85E-09
9.20E-09
9.26E-09
1.00E-08
1.03E-08
1.09E-08
1.16E-08
1.22E-08
1.27E-08
1.36E-08
1.47E-08
1.62E-08
1.77E-08
1.92E-08
2.13E-08
2.39E-08
2.83E-08
3.59E-08
4.62E-08
5.85E-08
7.90E-08
1.06E-07
1.29E-07
1.13E-07
4.72E-08
3.91E-08
2.85E-08
2.47E-08
2.22E-08
1.85E-08
1.57E-08
1.37E-08
1.23E-08
1.12E-08
1.04E-08
9.37E-09
8.67E-09
7.97E-09
7.33E-09
6.93E-09
6.46E-09
6.05E-09
5.65E-09
5.36E-09
5.06E-09
4.83E-09
4.48E-09
4.37E-09
4.07E-09
3.90E-09
